 Threshold=  1.00000000000000005E-004
 newPi=   3.1415873903465816     
 diff=  5.26324321148408103E-006
 N=           2
  
 Threshold=  1.00000000000000002E-008
 newPi=   3.1415926454603365     
 diff=  8.12945666339714990E-009
 N=           4
  
 Threshold=  9.99999999999999980E-013
 newPi=   3.1415926535889729     
 diff=  8.20232770593065652E-013
 N=           7
  
 Threshold=  9.99999999999999979E-017
 newPi=   3.1415926535897931     
 diff=   0.0000000000000000     
 N=          10
  
